    1.997944781859577e+00   -1.944284749934372e+01
    2.155344753202555e+00   -1.959823114251546e+01
    2.072600369584884e+00   -1.951788710300350e+01
    2.086191760879723e+00   -1.953033643071766e+01
    2.056091524590136e+00   -1.949755504757615e+01
    2.121416300978999e+00   -1.956571021934097e+01
    2.027086926399249e+00   -1.947060371778261e+01
    2.124554485421484e+00   -1.956595931504872e+01
    2.087408872623353e+00   -1.953015912814499e+01
    1.936035826157082e+00   -1.937881335885351e+01
    2.003153798637235e+00   -1.945058923579318e+01
    1.875010004199782e+00   -1.932199843556051e+01
    1.977266532386089e+00   -1.942248867508016e+01
    1.980191445446547e+00   -1.942682858565460e+01
    1.913335287606125e+00   -1.935760590390068e+01
    2.010556157657212e+00   -1.945462816669577e+01
    2.030122431421020e+00   -1.947405886625490e+01
    2.070444383561405e+00   -1.951670192470763e+01
    2.204743810161371e+00   -1.964787077573992e+01
    2.201209248288157e+00   -1.964684275410298e+01
    2.005886212529905e+00   -1.945087082213321e+01
    1.976737259934858e+00   -1.942380215657179e+01
    2.065031110096420e+00   -1.950905498583138e+01
    2.086870686877150e+00   -1.953104360580589e+01
    2.015609005075091e+00   -1.946304300662947e+01
    2.000434496632918e+00   -1.944901643084067e+01
    2.007428268311731e+00   -1.944949511083105e+01
    2.023926052527234e+00   -1.946842041032770e+01
    2.093633090485653e+00   -1.954020736081056e+01
    2.030830865398991e+00   -1.947601134835213e+01
    1.982354167135703e+00   -1.942880347740402e+01
    2.142573166542513e+00   -1.958690597898330e+01
    2.064029652653892e+00   -1.950846285918111e+01
    1.940527967250041e+00   -1.938331869410351e+01
    2.111820561674971e+00   -1.955753807325937e+01
    1.997919168576007e+00   -1.944364111085395e+01
    2.018115269648605e+00   -1.946633129606144e+01
    2.174475812084893e+00   -1.961715557758538e+01
    2.030934959541065e+00   -1.947870662860117e+01
    2.026913920754142e+00   -1.947345083414834e+01
    2.001262335473424e+00   -1.944821041120344e+01
    2.123487833330654e+00   -1.956660009501703e+01
    1.950860795073641e+00   -1.939532469707432e+01
    2.089261174980219e+00   -1.953397324862532e+01
    1.996068870208441e+00   -1.944008457749616e+01
    2.119717599173817e+00   -1.956198127774864e+01
    1.949053695067656e+00   -1.939395475253455e+01
    2.011204457377255e+00   -1.945849599914872e+01
    2.141086506008135e+00   -1.958321215381664e+01
    2.144276899101387e+00   -1.958709461019247e+01
    2.038755373888076e+00   -1.948477387160504e+01
    2.095176671890138e+00   -1.953963873761202e+01
    2.057347905820000e+00   -1.950262141878774e+01
    2.070166538966548e+00   -1.951194515110296e+01
    2.143984900191765e+00   -1.958730103261685e+01
    2.070397607534713e+00   -1.951670989432639e+01
    1.920529950448576e+00   -1.936565608961753e+01
    2.014242064995114e+00   -1.945995961582803e+01
    2.022714853665220e+00   -1.946978888637611e+01
    2.100132611464341e+00   -1.954332465906869e+01
    1.938120971119429e+00   -1.938119947418783e+01
    2.153469691203818e+00   -1.959411594197800e+01
    2.111878848633178e+00   -1.955641683491042e+01
    2.026959693350658e+00   -1.947388275587086e+01
    2.067340762650395e+00   -1.951137028000509e+01
    1.891585150048379e+00   -1.933958134997984e+01
    1.941770960130439e+00   -1.938621819316876e+01
    1.901558908215435e+00   -1.934820260697136e+01
    2.048660462081838e+00   -1.949424212235600e+01
    1.898806427031340e+00   -1.934508105774255e+01
    1.924554176517511e+00   -1.937013026853245e+01
    2.190471823344995e+00   -1.963511571225244e+01
    2.086069892894219e+00   -1.953167984632083e+01
    1.926424273088172e+00   -1.937018399956228e+01
    2.077262676008433e+00   -1.951873003011545e+01
    1.978586454275293e+00   -1.942299222718411e+01
    2.021254819084518e+00   -1.946773539574694e+01
    2.049735156341805e+00   -1.949177672347899e+01
    2.126170671499310e+00   -1.957036439245527e+01
    1.983562011559740e+00   -1.943258488172626e+01
    1.954790539065162e+00   -1.939687107990332e+01
    2.023419553492970e+00   -1.946748707868978e+01
    2.105355182835521e+00   -1.954762616293457e+01
    1.962497854423941e+00   -1.940946758353692e+01
    1.895038777751859e+00   -1.934169476158817e+01
    1.996394363003943e+00   -1.944165975478727e+01
    2.003107834391622e+00   -1.944669698629823e+01
    2.036345971185495e+00   -1.948336728868900e+01
    2.100019233916134e+00   -1.954409836905209e+01
    2.121182029503973e+00   -1.956236926926405e+01
    1.922766038258584e+00   -1.937037837041751e+01
    2.136403762121045e+00   -1.957832545372025e+01
    2.008805025908773e+00   -1.945417776296008e+01
    2.071564997633597e+00   -1.951601147493211e+01
    2.059334434687937e+00   -1.950460430288803e+01
    2.018934339785453e+00   -1.946260831584656e+01
    1.992302502469187e+00   -1.943625314583082e+01
    1.906320704400406e+00   -1.935249047202652e+01
    2.020822713584863e+00   -1.946690847508921e+01
    2.138210372786113e+00   -1.958202295480010e+01
    1.949233092498639e+00   -1.939441136818053e+01
    2.077459570501676e+00   -1.952249648197100e+01
    1.992599342882151e+00   -1.944219751072367e+01
    2.085986401014188e+00   -1.953449338334909e+01
    2.266211996597184e+00   -1.970534181447934e+01
    2.039237508817838e+00   -1.948559614053773e+01
    2.066416366513990e+00   -1.951204822796524e+01
    2.112518606342551e+00   -1.955531959878326e+01
    2.019194294985880e+00   -1.946366035150507e+01
    1.969222753104417e+00   -1.941382006701763e+01
    2.019738968051236e+00   -1.946144458629945e+01
    2.037963048935854e+00   -1.948202707030902e+01
    2.083875772548956e+00   -1.952995515084109e+01
    2.059387855691153e+00   -1.950456461669436e+01
    1.916557785010820e+00   -1.936479058984605e+01
    2.099480150031451e+00   -1.954605454361534e+01
    2.042791473249619e+00   -1.948540534879890e+01
    2.187101769413373e+00   -1.962794166259085e+01
    2.057996122012932e+00   -1.950269961072642e+01
    2.080095187337045e+00   -1.952471306095143e+01
    2.107466946311740e+00   -1.954921810746693e+01
    2.016951426102549e+00   -1.946401018117423e+01
    2.048573437995754e+00   -1.949195819869162e+01
    1.978945875370786e+00   -1.942250105530989e+01
    2.106680560163829e+00   -1.955186386576808e+01
    2.051960571834228e+00   -1.949543945092130e+01
    2.060340973804178e+00   -1.950583862815323e+01
    2.046306781493838e+00   -1.949209083132534e+01
    2.141716738980698e+00   -1.958685619367647e+01
    1.981657827371170e+00   -1.942593179437265e+01
    1.978903569323039e+00   -1.942597762628759e+01
    2.167428076889812e+00   -1.961184787767458e+01
    2.066650743633240e+00   -1.951331931119932e+01
    2.060985781007986e+00   -1.950513665556369e+01
    2.182109683095418e+00   -1.962546435137637e+01
    1.932525184184757e+00   -1.937814581916692e+01
    2.065753665971527e+00   -1.951002223111277e+01
    1.997414757408729e+00   -1.944318733101850e+01
    1.975786251661966e+00   -1.942425797993751e+01
    1.917032461473335e+00   -1.936306932978165e+01
    1.956323946480662e+00   -1.940233833051757e+01
    1.964250631786147e+00   -1.941011700938552e+01
    2.121127257960188e+00   -1.956523091251717e+01
    2.014570068696311e+00   -1.945791260848011e+01
    2.015615287161627e+00   -1.946018329929050e+01
    1.994457419588483e+00   -1.944145312248755e+01
    2.097702220507261e+00   -1.953986238631398e+01
    2.046416391750028e+00   -1.949161104042883e+01
    2.023283662036818e+00   -1.946792224412263e+01
    1.985575017020466e+00   -1.943284017159009e+01
    1.985329661839032e+00   -1.943219184731144e+01
    2.028985475676650e+00   -1.947734960395444e+01
    2.071346949941519e+00   -1.951604026443970e+01
    2.151513261449586e+00   -1.959550217872443e+01
    2.111723058955961e+00   -1.955389935256699e+01
    2.025634305631113e+00   -1.947032633908093e+01
    2.173622168197988e+00   -1.961626458652660e+01
    1.931856657718006e+00   -1.937490285696902e+01
    2.037202987802603e+00   -1.948073035716810e+01
    2.043425252095668e+00   -1.948651914855805e+01
    2.025851620547368e+00   -1.947130895573760e+01
    2.075971819006574e+00   -1.952067197740955e+01
    2.202896810588091e+00   -1.964390815978703e+01
    1.992931593308810e+00   -1.943697463004570e+01
    1.960532117048198e+00   -1.940846702181875e+01
    2.041745853473809e+00   -1.948636299905016e+01
    2.058510933919452e+00   -1.950674974377797e+01
    2.135658401175691e+00   -1.957894193883547e+01
    2.031027909262753e+00   -1.947759243522994e+01
    1.910426211458008e+00   -1.935973898370035e+01
    1.977309318852937e+00   -1.942397951856137e+01
    2.045770888806067e+00   -1.948989802122076e+01
    1.942184992652440e+00   -1.939035910711296e+01
    2.047321551627992e+00   -1.949164377449568e+01
    1.997203398810139e+00   -1.944319825296595e+01
    1.978657991333523e+00   -1.942442591762372e+01
    2.037737739482321e+00   -1.948290752325244e+01
    2.020957730102396e+00   -1.946780509726019e+01
    2.113392193567925e+00   -1.955408165625845e+01
    1.935487199113531e+00   -1.938226283751738e+01
    2.035735072626557e+00   -1.947898436672736e+01
    1.996414333167636e+00   -1.944558188742233e+01
    2.064989875404095e+00   -1.951303834097620e+01
    2.152949695266412e+00   -1.959517739139465e+01
    2.166359602453656e+00   -1.960971720133700e+01
    1.930696810953203e+00   -1.937891563095064e+01
    1.967033940461782e+00   -1.941374011481504e+01
    2.128660696109534e+00   -1.957433244551146e+01
    2.115735876161831e+00   -1.956206487047255e+01
    2.098812023809441e+00   -1.954297804530342e+01
    2.058927733059335e+00   -1.950759325439769e+01
    2.064081033624484e+00   -1.950680959010117e+01
    1.937895712501474e+00   -1.938389668540553e+01
    2.027218298002186e+00   -1.947262893493539e+01
    2.167100927879885e+00   -1.961275187043356e+01
    2.114590741285650e+00   -1.955725591056176e+01
    2.172042409429910e+00   -1.961614057489949e+01
    2.059850752891059e+00   -1.950502452797301e+01
    1.986653210024457e+00   -1.943288717010366e+01
    1.956944996877572e+00   -1.940061901883302e+01
